0,0
0,50
0,100
0,150
0,200
0,250
0,255
50,0
50,50
50,100
50,150
50,200
50,250
50,255
100,0
100,50
100,100
100,150
100,200
100,250
100,255
150,0
150,50
150,100
150,150
150,200
150,250
150,255
200,0
200,50
200,100
200,150
200,200
200,250
200,255
250,0
250,50
250,100
250,150
250,200
250,250
250,255
255,0
255,20
255,40
255,60
255,80
255,100
255,120
255,140
255,160
255,180
255,200
255,220
255,240
255,255
33.33333,83.33333
16.66667,116.66667
16.66667,166.66667
33.33333,133.33333
16.66667,216.66667
33.33333,183.33333
66.66667,66.66667
83.33333,33.33333
83.33333,83.33333
33.33333,233.33333
66.66667,116.66667
66.66667,166.66667
83.33333,133.33333
66.66667,216.66667
83.33333,183.33333
116.66667,16.66667
116.66667,66.66667
133.33333,33.33333
133.33333,83.33333
83.33333,233.33333
116.66667,116.66667
116.66667,166.66667
133.33333,133.33333
116.66667,216.66667
133.33333,183.33333
166.66667,16.66667
166.66667,66.66667
183.33333,33.33333
183.33333,83.33333
133.33333,233.33333
166.66667,116.66667
166.66667,166.66667
183.33333,133.33333
166.66667,216.66667
183.33333,183.33333
218.33333,23.33333
235.0,53.33333
235.0,46.66667
218.33333,76.66667
236.66667,63.33333
183.33333,233.33333
218.33333,123.33333
235.0,106.66667
218.33333,176.66667
235.0,153.33333
235.0,146.66667
218.33333,223.33333
235.0,206.66667
235.0,193.33333
235.0,93.33333
236.66667,36.66667
236.66667,163.33333
236.66667,136.66667
27.77778,61.11111
11.11111,77.77778
16.66667,100.0
33.33333,100.0
16.66667,150.0
33.33333,150.0
16.66667,200.0
33.33333,200.0
16.66667,133.33332
61.11111,27.77778
66.66667,50.0
83.33333,50.0
16.66667,183.33333
50.0,66.66667
50.0,83.33333
66.66667,83.33333
83.33333,66.66667
50.0,116.66667
50.0,133.33333
66.66667,100.0
83.33333,100.0
50.0,166.66667
50.0,183.33333
66.66667,150.0
83.33333,150.0
50.0,216.66667
50.0,233.33333
66.66667,200.0
83.33333,200.0
61.11111,246.1111
77.77778,247.77777
94.44445,246.1111
77.77778,11.11111
66.66667,133.33332
100.0,16.66667
100.0,33.33333
116.66667,33.33333
116.66667,50.0
66.66667,183.33333
100.0,66.66667
100.0,83.33333
150.0,66.66667
66.66667,233.33333
100.0,116.66667
100.0,133.33333
116.66667,100.0
133.33333,100.0
100.0,166.66667
100.0,183.33333
116.66667,150.0
133.33333,150.0
100.0,216.66667
100.0,233.33333
116.66667,200.0
133.33333,200.0
111.1111,246.1111
127.77777,247.77777
144.44444,246.1111
133.33332,16.66667
150.0,16.66667
122.22222,5.55556
150.0,133.33332
150.0,33.33333
166.66667,33.33333
166.66667,50.0
116.66667,183.33333
150.0,83.33333
183.33333,66.66667
200.55554,70.0
116.66667,233.33333
150.0,116.66667
166.66667,100.0
183.33333,100.0
150.0,166.66667
150.0,183.33333
166.66667,150.0
183.33333,150.0
150.0,216.66667
150.0,233.33333
183.33333,200.0
183.33333,16.66667
200.55554,18.88889
172.22223,5.55556
183.33333,116.66667
200.55554,118.88889
200.55554,35.55555
217.77777,40.0
223.33333,50.0
200.55554,186.66667
200.55554,86.66667
200.55554,135.55555
246.66667,108.88889
242.22223,121.1111
200.55554,170.0
217.77777,140.00001
223.33333,150.0
200.55554,218.88888
223.33333,200.0
217.77777,210.0
223.33333,100.0
217.77777,110.0
247.22223,157.77777
240.55556,155.55554
217.77777,60.0
247.22223,142.22223
248.8889,132.22223
248.8889,167.77777
242.22223,78.88889
246.66667,91.11111
240.55556,144.44446
240.0,150.0
242.22223,178.88888
33.33333,116.66667
33.33333,166.66667
33.33333,216.66667
83.33333,116.66667
83.33333,166.66667
83.33333,216.66667
133.33333,50.0
116.66667,83.33333
133.33333,116.66667
116.66667,133.33333
133.33333,166.66667
133.33333,216.66667
183.33333,50.0
166.66667,83.33333
166.66667,133.33333
183.33333,166.66667
166.66667,183.33333
183.33333,216.66667
166.66667,233.33333
217.77777,90.0
230.0,64.44444
230.0,77.77778
230.0,122.22223
240.0,100.0
217.77777,160.0
230.0,177.77777
217.77777,190.0
230.0,164.44444
230.0,135.55556
24.07407,74.07408
20.37037,87.03704
22.22222,105.55555
27.77778,94.44445
22.22222,155.55556
27.77778,144.44444
27.77778,194.44444
22.22222,127.77777
72.22222,55.55555
22.22222,188.88888
55.55555,88.8889
44.44444,88.8889
72.22222,77.77778
77.77778,72.22222
55.55555,144.44444
44.44444,138.88888
55.55555,194.44444
44.44444,188.88888
94.44445,155.55556
88.8889,194.44444
87.03704,20.37037
74.07408,24.07407
61.11111,138.88888
105.55555,38.88889
94.44445,38.88889
111.1111,55.55555
61.11111,188.88888
105.55555,94.44445
94.44445,88.8889
105.55555,144.44444
94.44445,138.88888
144.44444,105.55555
105.55555,194.44444
94.44445,188.88888
138.88888,144.44444
144.44444,155.55556
92.5926,237.59259
94.44445,227.77777
138.88888,194.44444
155.55556,11.11111
155.55556,22.22222
144.44444,27.77778
172.22223,61.11111
161.11111,55.55555
111.1111,188.88888
144.44444,77.77778
155.55556,72.22222
194.8148,80.0
189.07406,73.33333
109.25926,237.59259
103.7037,243.14815
155.55556,111.1111
194.62962,95.55555
188.88888,105.55555
155.55556,188.88888
144.44444,188.88888
194.62962,145.18518
188.88888,155.55556
142.59259,237.59259
144.44444,227.77777
155.55556,246.1111
194.8148,29.25926
189.07406,22.96296
194.8148,129.25926
189.07406,122.96296
189.07406,39.62963
194.62962,195.55556
189.07406,90.0
189.07406,139.62963
248.70372,124.44445
247.96297,116.66667
166.66667,240.55554
189.07406,173.33333
231.1111,150.0
229.44444,144.07408
227.59259,112.96296
225.37036,105.55555
243.51851,151.85185
213.70369,53.33333
206.1111,60.0
242.59261,130.00001
244.25928,137.03705
243.51851,148.14815
245.92592,145.55556
42.59259,59.25926
37.03704,70.37037
38.88889,94.44445
27.77778,111.1111
38.88889,111.1111
38.88889,172.22223
27.77778,172.22223
27.77778,122.22222
44.44444,105.55555
38.88889,194.44444
22.22222,177.77777
44.44444,155.55556
38.88889,161.11112
88.8889,72.22222
72.22222,88.8889
55.55555,61.11111
61.11111,55.55555
88.8889,44.44444
59.25926,42.59259
70.37037,37.03704
105.55555,61.11111
88.8889,94.44445
61.11111,94.44445
44.44444,205.55556
77.77778,111.1111
88.8889,111.1111
61.11111,127.77777
55.55555,111.1111
61.11111,105.55555
55.55555,161.11112
61.11111,155.55556
88.8889,172.22223
72.22222,188.88888
72.22222,127.77777
77.77778,122.22222
94.44445,105.55555
61.11111,227.77777
55.55555,211.11112
61.11111,205.55556
88.8889,222.22223
77.77778,222.22223
72.22222,177.77777
88.8889,161.11112
124.07408,12.96296
112.96296,7.40741
122.22222,27.77778
122.22222,38.88889
105.55555,11.11111
111.1111,88.8889
111.1111,77.77778
138.88888,44.44444
127.77777,22.22222
144.44444,38.88889
144.44444,88.8889
72.22222,227.77777
98.14815,243.14813
138.88889,122.22222
111.1111,138.88889
111.1111,127.77777
105.55555,111.1111
111.1111,105.55555
105.55555,161.11112
111.1111,155.55556
122.22222,188.88888
122.22222,127.77777
138.88888,111.1111
138.88889,222.22223
127.77777,222.22223
111.1111,227.77777
174.07408,12.96296
155.55556,38.88889
161.11112,27.77778
162.96297,7.40741
177.77777,55.55555
161.11112,88.8889
161.11112,77.77778
194.62962,45.18519
188.88888,55.55555
172.22223,27.77778
177.77777,22.22222
155.55556,94.44445
172.22223,77.77778
177.77777,72.22222
122.22222,227.77777
155.55556,238.88888
148.14815,243.14813
177.77777,122.22222
161.11112,138.88889
161.11112,127.77777
161.11112,105.55555
155.55556,161.11112
161.11112,155.55556
177.77777,172.22223
161.11112,177.77777
155.55556,144.44444
172.22223,127.77777
155.55556,211.11112
189.07406,222.96295
177.77777,222.22223
161.11112,227.77777
172.22223,177.77777
194.62962,162.22223
206.1111,41.85185
213.70369,46.66667
206.1111,92.22222
213.70369,96.66667
223.70369,58.14815
229.44444,55.92592
226.1111,72.96296
232.22223,68.51852
236.29631,73.33333
233.8889,60.37037
172.22223,227.77777
194.62962,211.85185
188.88888,205.55556
232.22223,131.48149
236.29631,126.66668
213.70369,103.33333
206.1111,109.62963
245.55556,102.96296
240.55556,105.18518
225.37036,94.44445
227.59259,87.03704
232.22223,168.51851
236.29631,173.33331
206.1111,192.22223
213.70369,196.66667
238.51851,152.96295
229.44444,155.92592
223.70369,158.14815
213.70369,203.33333
206.1111,209.62962
227.59259,187.03703
222.03703,181.48149
225.37036,194.44444
245.55556,97.03704
240.55556,94.81482
231.1111,100.0
222.03703,81.48148
222.03703,167.03704
226.1111,172.96297
233.8889,160.37036
237.40741,157.4074
226.1111,127.03704
222.03703,132.96297
22.22222,138.88888
27.77778,161.11112
88.8889,55.55555
77.77778,61.11111
44.44444,77.77778
61.11111,77.77778
94.44445,61.11111
44.44444,127.77777
38.88889,122.22222
55.55555,122.22222
44.44444,177.77777
55.55555,172.22223
61.11111,177.77777
72.22222,138.88888
77.77778,144.44444
72.22222,155.55556
77.77778,161.11112
55.55555,222.22223
77.77778,194.44444
72.22222,205.55556
75.92592,238.14813
85.18519,242.40739
105.55555,22.22222
94.44445,27.77778
111.1111,27.77778
111.1111,44.44444
127.77777,44.44444
105.55555,122.22222
94.44445,127.77777
88.8889,122.22222
122.22222,88.8889
127.77777,94.44445
122.22222,105.55555
127.77777,111.1111
94.44445,177.77777
105.55555,172.22223
122.22222,138.88888
127.77777,144.44444
105.55555,222.22223
127.77777,194.44444
125.92592,238.14813
118.51851,242.40739
135.18518,242.40739
135.18518,7.40741
144.44444,11.11111
138.88889,22.22222
144.44444,127.77777
155.55556,122.22222
172.22223,38.88889
161.11112,44.44444
177.77777,44.44444
194.62962,62.22222
212.22221,68.88889
206.48147,77.77777
172.22223,105.55555
172.22223,88.8889
177.77777,94.44445
177.77777,111.1111
172.22223,138.88888
177.77777,144.44444
172.22223,155.55556
177.77777,161.11112
155.55556,222.22223
177.77777,211.11112
206.48147,25.92592
194.62962,111.85185
212.22221,117.40741
206.48147,125.92592
212.22221,32.96296
206.48147,177.77779
212.22221,184.44446
241.29631,112.22222
235.74074,116.66667
212.22221,168.8889
223.70369,141.85185
244.25928,162.96295
241.48149,158.88888
222.03703,67.03703
241.48149,141.11112
242.59261,169.99998
241.29631,87.77778
235.74074,83.33333
238.51851,147.03705
235.74074,183.33333
25.92592,81.48149
22.22222,100.0
27.77778,100.0
22.22222,150.0
27.77778,150.0
18.51852,125.92592
74.07408,51.85185
73.45679,45.67901
79.62963,66.66667
50.0,144.44444
50.0,138.88888
75.92592,103.7037
50.0,194.44444
50.0,188.88888
81.48149,25.92592
66.66667,142.59257
100.0,42.59259
61.11111,194.44444
100.0,88.8889
142.59259,64.81481
100.0,144.44444
100.0,138.88888
146.2963,98.14815
140.74074,98.14815
94.44445,194.44444
100.0,194.44444
144.44444,150.0
138.88888,150.0
90.12346,232.90122
140.74072,198.14815
159.25926,16.66667
153.7037,16.66667
150.0,22.22222
166.66667,55.55555
111.1111,194.44444
116.66667,192.59257
150.0,72.22222
150.0,77.77778
194.75307,68.51852
194.8148,74.44445
104.93827,246.41976
108.02469,242.28394
150.0,105.55555
150.0,111.1111
194.50616,100.37036
188.9506,100.37036
150.0,192.59257
194.50616,150.24691
162.96295,203.70372
172.22221,200.0
194.8148,23.7037
189.07406,34.07407
194.8148,34.81481
194.8148,85.55555
194.75307,90.74073
190.80245,235.43209
194.75307,140.12345
246.29631,120.74074
196.54319,230.61727
243.76542,155.06173
212.03703,62.96296
212.53084,57.77778
246.79014,137.1605
245.24693,133.08643
43.82716,71.60494
43.20987,65.4321
33.33333,90.74074
38.88889,88.8889
33.33333,175.92592
33.33333,170.37038
24.07407,116.66667
22.22222,122.22222
44.44444,111.1111
50.0,111.1111
33.33333,196.29631
33.33333,190.74074
25.92592,183.33331
70.37037,83.33333
62.34568,49.38272
87.03704,50.0
65.4321,43.20987
85.18519,92.59259
88.8889,88.8889
66.66667,88.8889
42.59259,212.96297
37.03703,207.40741
83.33333,107.40741
83.33333,112.96296
57.40741,133.33331
61.11111,111.1111
61.11111,161.11112
79.62963,116.66667
74.07408,116.66667
100.0,105.55555
66.66667,209.25926
61.11111,211.11112
83.33333,225.92592
83.33333,220.37038
83.33333,157.40743
117.90123,12.34568
111.72839,11.72839
109.25926,16.66667
107.40741,83.33333
112.96296,83.33333
140.74072,48.14815
140.74074,33.33333
105.55555,88.8889
77.77778,227.77777
77.16049,233.08641
107.40741,133.33333
112.96296,133.33333
116.66667,109.25926
111.1111,111.1111
114.81481,157.40741
111.1111,161.11112
111.1111,144.44444
105.55555,138.88888
124.07407,120.37036
142.59258,116.66667
144.44444,111.1111
133.33333,225.92592
112.34567,232.90122
106.79012,232.90122
144.44444,194.44444
142.59259,162.96297
137.03703,157.40741
155.55556,33.33333
167.90125,12.34568
161.72839,11.72839
155.55556,64.81481
183.33331,59.25926
157.40742,83.33333
183.39504,20.61728
183.39504,26.17284
194.75307,40.12345
200.43209,40.8642
161.11112,94.44445
161.11112,100.0
127.77777,227.77777
127.16049,233.08641
183.39504,126.17283
183.39504,120.61728
157.40742,133.33333
155.55556,100.0
155.55556,150.0
155.55556,155.55556
183.39504,170.74074
161.11112,183.33331
189.07406,134.07408
161.11112,144.44445
161.11112,150.0
153.7037,200.0
183.39504,226.17283
155.55556,233.33331
161.11112,233.33331
168.51851,190.74072
177.77777,177.77777
189.01233,167.40741
209.13578,50.0
206.60492,46.17284
216.91357,50.0
218.27161,45.55556
225.49382,54.69136
229.44444,68.64197
229.44444,73.08642
238.39506,71.85186
235.06173,68.39506
174.07408,231.48147
242.03703,102.71604
222.46914,86.17284
223.58024,90.49384
238.51853,168.88888
235.06173,168.39504
218.27159,195.55556
237.8395,152.09875
221.60494,156.04938
225.49382,154.69135
242.34566,150.0
240.679,148.39506
214.07406,214.32098
212.53084,207.65432
226.04938,177.40741
226.54321,182.09878
222.16048,194.81482
223.58024,190.49384
242.03703,97.28396
235.37036,102.22222
235.37036,97.77778
226.54321,82.09877
226.04938,77.4074
238.51853,159.87653
235.98767,160.37036
225.24691,136.79012
226.04938,131.85186
27.16049,88.27161
33.33333,96.29631
22.22222,111.1111
27.77778,105.55555
22.22222,144.44444
18.51852,140.74072
18.51852,157.40741
38.88889,188.88888
44.44444,200.0
38.88889,200.0
25.92592,133.33331
20.37037,133.33331
63.58025,35.80247
68.51851,29.62963
56.79012,49.38272
79.01235,40.12345
66.66667,59.25926
92.59259,50.0
77.77778,55.55556
83.33333,55.55556
27.77778,177.77777
49.38272,56.79012
49.38272,62.34568
61.11111,88.8889
61.11111,83.33333
66.66667,74.07408
66.66667,79.62963
72.22222,61.11111
74.07408,66.66667
83.33333,61.11111
88.8889,61.11111
42.59259,116.66667
50.0,105.55555
53.7037,116.66667
46.2963,133.33331
50.0,122.22222
50.0,127.77777
57.40741,100.0
55.55556,105.55555
88.8889,105.55555
88.8889,100.0
40.74074,183.33331
46.2963,183.33331
50.0,155.55556
50.0,161.11112
59.25926,166.66669
53.7037,166.66669
38.88889,177.77777
50.0,177.77777
62.96296,183.33331
57.40741,183.33331
77.77778,138.88888
55.55555,150.0
77.77778,155.55556
72.22222,150.0
77.77778,150.0
50.0,205.55556
50.0,211.11112
61.11111,222.22223
59.25926,216.66669
53.7037,216.66669
83.33333,190.74074
77.77778,188.88888
55.55555,200.0
74.07408,212.96297
81.48149,237.96295
90.74074,242.03703
66.66667,124.07407
66.66667,129.62962
75.92592,133.33331
70.37037,133.33331
66.66667,137.03703
103.70369,16.66667
88.27161,27.16049
100.0,22.22222
105.55555,44.44444
111.1111,38.88889
116.66667,24.07407
107.40741,50.0
112.96296,50.0
116.66667,38.88889
116.66667,44.44444
133.33331,46.2963
133.33331,40.74074
55.55556,177.77777
66.66667,174.07408
66.66667,179.62962
75.92592,183.33331
70.37037,183.33331
100.0,57.40741
94.44445,55.55556
92.5926,85.18519
161.11112,64.81481
66.66667,224.07408
66.66667,229.62962
71.60494,233.08641
109.25926,116.66667
103.70369,116.66667
92.59259,116.66667
100.0,111.1111
96.29631,133.33331
100.0,127.77777
111.1111,122.22222
131.48147,92.59259
127.77777,88.8889
105.55555,100.0
105.55555,105.55555
133.33331,107.40741
122.22222,100.0
127.77777,100.0
100.0,155.55556
100.0,161.11112
109.25926,166.66669
103.70369,166.66669
100.0,172.22223
133.33331,146.2963
133.33331,140.74074
105.55555,150.0
111.1111,150.0
127.77777,138.88888
94.44445,222.22223
96.91358,238.02468
100.61729,239.87653
105.55555,227.77777
100.0,227.77777
111.1111,222.22223
133.33331,196.29631
107.4074,198.14815
125.92592,198.14815
114.81481,237.77777
120.37037,237.96295
119.1358,245.43209
131.48149,237.96295
129.62963,242.77777
135.80247,245.43209
140.74074,242.03703
138.88889,16.66667
137.65432,11.72839
133.33333,20.37037
122.8395,17.28395
122.22222,22.22222
144.44444,16.66667
144.44444,22.22222
150.0,12.96296
130.8642,12.34568
159.25926,116.66667
153.7037,116.66667
161.11112,33.33333
150.0,42.59259
150.0,37.03703
138.88888,38.88889
166.66669,24.07407
166.66669,29.62963
157.40741,50.0
162.96297,50.0
155.55556,44.44444
166.66669,38.88889
166.66669,44.44444
155.55556,77.77778
150.0,88.8889
146.2963,83.33333
177.77777,77.77778
189.01233,67.40741
200.61727,75.92592
188.9506,61.48148
112.96296,242.03703
116.66667,224.07408
116.66667,229.62962
121.60494,233.08641
161.11112,122.22222
150.0,127.77777
150.0,122.22222
166.66669,109.25926
155.55556,105.55555
183.39504,94.81482
183.39504,89.25927
183.33331,105.55555
183.33331,111.1111
172.22223,94.44445
177.77777,88.8889
150.0,155.55556
150.0,161.11112
161.11112,168.51853
183.39504,144.69136
183.39504,139.1358
166.66669,159.25926
166.66669,153.7037
183.33331,161.11112
172.22223,150.0
177.77777,150.0
177.77777,138.88888
144.44444,222.22223
161.11112,222.22223
159.25926,216.66669
146.91357,238.02468
151.23456,238.45677
150.0,222.22223
153.7037,216.66669
194.50616,200.37036
166.66667,212.96297
177.77777,27.77778
172.83952,17.28395
172.22223,22.22222
174.07408,116.66667
179.62962,116.66667
177.77777,105.55555
189.01233,117.16049
188.9506,111.35802
200.24691,107.16049
194.50616,105.80246
212.03703,38.27161
206.29628,36.79013
200.24691,45.67901
200.61727,24.69136
200.61727,30.24691
206.41974,31.48148
233.51853,62.71605
231.11112,60.24691
206.29628,187.77779
206.41974,182.96297
200.24691,195.92592
200.43209,191.48149
204.38269,85.55555
200.24691,95.92592
200.43209,91.48148
200.61727,81.48148
198.39506,143.58024
200.61727,124.69136
200.61727,130.24691
247.40741,103.95061
245.30865,112.59259
243.82717,116.66667
232.77777,112.09877
225.49382,145.30865
233.51853,162.71604
200.24691,207.16048
200.43209,213.45679
208.33331,217.28394
209.13578,200.0
218.27159,204.44444
230.49382,104.07407
226.60492,101.85185
206.60492,96.2963
209.13578,100.0
230.49382,95.92593
226.60492,98.14815
243.08643,157.40739
238.82715,155.30863
240.80249,161.72838
220.24691,53.82716
218.39506,57.16049
217.53086,70.8642
222.16048,72.22222
217.34568,65.30864
244.321,140.12347
244.87655,142.96297
244.50618,125.18519
246.72841,128.8889
241.17285,165.43209
232.77777,87.90123
237.34568,88.14815
243.39508,85.92592
238.95062,91.97531
242.65432,143.70372
240.8642,146.54321
240.8642,153.45679
240.679,151.60494
44.44444,122.22222
24.07407,166.66669
29.62963,166.66669
27.77778,155.55556
42.59259,166.66669
37.03703,166.66669
72.22222,122.22222
83.33333,162.96297
92.59259,166.66669
87.03704,166.66669
75.92592,218.51851
125.92592,48.14815
127.77777,38.88889
116.66667,92.59259
116.66667,87.03704
127.77777,105.55555
137.03703,116.66667
116.66667,124.07407
116.66667,129.62962
125.92592,133.33331
120.37037,133.33331
116.66667,137.03703
183.33331,53.7037
174.07408,50.0
179.62962,50.0
166.66669,74.07408
166.66669,79.62963
175.92592,83.33333
170.37038,83.33333
172.22223,122.22222
175.92592,133.33331
170.37038,133.33331
166.66669,142.59259
166.66669,137.03703
188.9506,161.48149
174.07408,216.66669
183.33331,205.55556
194.75307,217.90122
189.01233,217.1605
172.22223,222.22223
172.22223,235.74072
153.08643,242.71602
232.96297,65.4321
225.24691,63.20987
226.04938,68.14814
221.17283,61.72839
222.16048,77.03703
238.08643,78.51852
234.01235,78.14815
239.75309,83.33333
234.01235,121.85186
243.70369,100.0
217.53086,170.8642
217.34566,165.30864
234.01235,178.14813
231.1111,182.71604
212.34566,179.62964
229.44444,173.08643
221.17283,161.72839
232.96297,165.43209
229.44444,131.35803
31.48148,75.92592
21.60494,93.82717
22.22222,161.11112
27.77778,138.88888
27.77778,188.88888
27.77778,127.77777
55.55556,94.44445
72.22222,72.22222
55.55556,188.88888
44.44444,194.44444
94.44445,161.11112
88.8889,188.88888
93.82717,21.60494
75.92592,31.48148
94.44445,44.44444
105.55555,55.55556
111.1111,100.0
94.44445,94.44445
138.88888,105.55555
87.03704,237.77777
95.06174,242.28394
88.8889,227.77777
100.0,222.22223
161.11112,22.22222
138.88889,27.77778
172.22223,55.55556
161.11112,72.22222
104.32098,238.02468
161.11112,111.1111
189.01233,95.18518
194.50616,155.92592
145.06173,242.28394
138.88889,227.77777
162.96297,237.59257
189.07406,28.51852
189.07406,128.51851
188.9506,200.37036
159.25926,241.85183
227.96295,151.9753
227.96295,148.0247
227.71604,140.49384
229.32098,108.39506
231.1111,117.28395
206.60492,54.44444
241.17285,134.56791
240.80249,138.27163
243.33333,146.04938
38.2716,77.16049
22.22222,172.22223
44.44444,161.11112
55.55556,55.55556
94.44445,111.1111
55.55556,127.77777
55.55556,155.55556
94.44445,172.22223
77.77778,127.77777
55.55556,205.55556
72.22222,222.22223
128.39506,17.28395
122.22222,44.44444
144.44444,44.44444
144.44444,122.22222
105.55555,127.77777
105.55555,155.55556
122.22222,194.44444
178.39506,17.28395
161.11112,38.88889
155.55556,88.8889
172.22223,72.22222
177.77777,127.77777
155.55556,127.77777
161.11112,161.11112
166.66668,179.62962
177.77777,227.77777
212.53084,42.83951
227.71604,59.50617
232.83952,73.20988
229.44444,126.91358
232.83952,126.79013
206.60492,104.32099
206.29628,115.30864
200.43209,113.45679
244.25926,105.67901
242.83952,108.76543
229.32098,91.60494
231.1111,82.71605
232.83952,173.20986
216.91357,200.0
206.60492,204.32098
222.46914,186.17285
244.25926,94.32099
242.83952,91.23457
61.11111,172.22223
72.22222,144.44444
111.1111,22.22222
122.22222,94.44445
124.07408,242.77777
172.22223,44.44444
172.22223,111.1111
206.41974,120.74074
212.34566,174.44446
24.07407,151.85185
51.85185,90.74074
80.24692,68.51851
48.14815,140.74072
51.85185,192.59259
48.14815,190.74072
101.85185,142.59259
141.35801,103.08642
143.82716,100.61729
101.85185,196.29631
136.41974,152.46914
135.18517,148.76543
156.17283,14.81481
156.17283,18.51852
151.85185,79.62963
148.76543,81.48149
192.90122,75.92593
192.88064,72.09877
105.55555,243.9506
108.02469,244.93825
151.85185,109.25926
190.86418,97.03703
192.69548,98.76542
151.85185,188.27159
190.82304,148.47736
172.22223,208.0247
194.8148,21.85185
196.74896,31.44033
192.90122,32.71605
249.75309,119.1358
250.00002,121.7284
216.23456,58.31275
214.11521,60.24691
246.97532,134.15639
47.53086,64.81481
45.67901,67.90123
35.18519,172.83952
31.48148,172.83952
42.59259,144.44444
19.1358,121.60494
20.98765,118.51851
51.85185,109.25926
31.48148,187.65432
35.18518,187.65432
69.75308,41.97531
90.74074,90.74074
87.65433,91.97531
64.81481,94.44445
40.12345,204.32098
41.35802,208.64197
81.48149,110.49383
59.25926,207.40741
85.18519,222.83952
81.48149,222.83952
108.84774,13.16872
115.4321,84.5679
73.66256,231.31687
75.72016,229.54732
115.4321,132.09875
115.4321,134.56789
109.25926,109.25926
112.96296,108.64197
109.25926,159.25928
112.34567,158.0247
109.25926,142.59259
107.4074,140.74072
148.14815,112.96296
145.67902,114.81481
102.46914,204.93827
135.18518,221.60494
148.14815,195.67902
145.06173,197.53086
140.12345,154.32098
141.35802,158.64197
162.55145,15.02058
165.43211,13.58025
177.77777,58.64197
179.62962,62.34568
179.65019,25.39095
181.5226,23.00411
198.4362,43.90946
196.60492,42.05761
123.66256,231.31687
125.72016,229.54732
180.26748,119.83539
157.40741,98.14815
157.40741,157.40741
153.7037,157.40741
159.25928,148.14815
185.26748,221.93416
159.87655,236.60492
157.40741,235.18516
175.92592,175.92592
210.94647,45.22634
209.8148,47.61317
214.83537,45.02058
216.29628,47.40741
226.09054,53.53909
231.50208,71.60494
234.73252,71.64609
236.58437,71.19342
170.98767,230.86418
185.18518,209.25926
226.83128,89.71194
224.54732,87.90125
234.73252,171.64606
236.62553,170.20573
216.58435,194.07408
223.60081,156.29628
231.27572,140.41153
229.2181,180.8642
227.53086,179.09465
225.5144,190.65845
223.70369,193.25104
232.32509,97.90123
233.9506,100.0
228.49795,76.09054
227.53086,79.09465
227.09875,134.7325
28.80658,84.36214
31.27572,87.44857
18.51852,109.25926
24.07407,109.25926
25.92593,107.4074
11.72839,146.91357
20.98765,141.35801
44.44444,148.14815
37.03703,191.35801
40.74074,190.74072
36.41975,202.46914
35.18518,198.76544
22.83951,135.18516
11.72839,141.35801
67.48971,34.15638
60.0823,51.44033
57.81893,53.49795
74.27984,40.9465
75.10288,36.21399
78.60082,45.26749
95.67902,48.14815
95.67902,51.85185
31.48148,179.01233
29.01234,181.48147
51.44033,60.0823
57.40741,90.74074
59.25926,87.03704
57.40741,81.48149
55.55556,85.18519
67.90123,82.09877
77.16049,64.81481
74.69136,62.96296
85.18519,62.96296
51.85185,103.70369
60.49383,114.81481
56.79013,112.96296
51.85185,129.62962
48.76543,131.48147
58.64197,118.51851
54.32099,101.85185
87.03704,98.14815
90.74074,96.29631
46.91358,187.03701
53.08642,162.96299
56.17284,164.81484
37.65432,181.48147
35.18518,179.01233
58.02469,187.03701
60.49383,185.18516
79.62963,158.0247
51.23457,214.81482
47.53086,213.58026
62.34568,214.81484
62.34568,218.51853
53.08642,212.96299
56.17284,214.81484
81.48149,195.06173
64.81481,127.16048
68.51851,127.16048
69.75308,136.41974
72.83951,135.18516
67.90123,134.56789
101.23457,18.51852
92.38684,31.27572
88.68314,33.12757
101.85185,25.92592
107.4074,42.59259
109.25926,40.74074
110.49383,51.85185
118.51851,46.2963
115.4321,48.14815
137.03701,41.35802
54.32099,181.48147
51.85185,179.62962
72.83951,185.18516
98.14815,54.32099
140.12345,75.30864
157.40741,67.28395
159.25928,69.75308
74.89712,234.77366
106.17283,114.81481
95.67902,120.37036
101.23457,114.81481
98.14815,112.96296
109.25926,124.07408
125.92592,90.74074
129.01233,91.97531
114.81481,104.93826
103.70369,103.70369
101.85185,101.85185
129.62962,98.14815
129.62962,101.85185
130.86419,95.67902
101.23457,164.81483
103.08642,162.96299
106.17283,164.81484
128.39506,154.93827
121.60493,152.46914
107.4074,146.29631
109.25926,148.14815
121.60493,163.58026
125.92592,140.74072
129.62962,141.35801
100.82305,242.0576
98.55967,240.34977
101.85185,229.62962
119.75308,204.93827
113.58024,204.93827
133.5391,243.53908
132.09878,241.04938
140.32922,244.52673
137.2428,243.29218
133.95061,13.58025
136.62551,15.02058
118.51851,20.98765
120.57613,18.72428
137.03704,19.75308
146.29631,20.37037
151.85185,8.02469
148.14815,8.02469
125.72016,10.28807
129.42387,8.43621
151.23457,114.81481
164.81483,32.09877
162.96297,35.18519
140.74072,40.74074
162.96299,30.24691
164.81484,27.16049
174.07408,31.48148
160.49383,51.85185
160.49384,48.14815
154.32098,48.14815
163.58026,46.2963
162.96299,42.59259
154.32098,81.48149
174.07408,68.51851
187.13989,69.1358
190.94647,69.75309
187.09875,65.18519
185.20575,62.46914
110.0823,240.63786
118.31275,232.01646
158.64199,120.37037
159.25928,124.07408
148.14815,120.37037
151.85185,101.85185
179.65019,90.86421
181.5226,92.83952
187.0576,109.34156
174.07408,98.14815
175.92592,90.74074
179.65019,140.82304
181.5226,142.7572
164.81484,156.17285
159.25928,151.85185
156.17284,218.51853
158.64199,220.37038
148.14815,227.77777
164.19753,215.43211
175.92592,25.92593
168.51853,20.98765
170.57615,18.72428
181.48147,103.70369
179.62962,107.4074
187.09875,115.06173
185.20575,113.04527
204.27983,39.83539
208.14813,38.9712
198.68311,28.06584
202.53084,32.42798
204.50614,29.21811
219.79423,45.18519
204.42385,185.80247
198.4362,194.32098
196.74896,82.34567
198.68311,79.1358
246.02881,118.02469
245.69958,115.30863
241.13169,127.28396
193.45677,223.82715
192.13989,229.67076
196.60492,214.4033
198.4362,210.82304
209.50614,213.74485
204.95882,213.45679
227.48971,103.82715
228.10697,100.0
229.40328,98.0247
237.07819,155.34979
217.44855,54.77366
223.41563,69.13579
220.57613,70.04115
218.76544,62.34568
215.72017,62.7572
246.6461,126.17284
237.61318,84.93827
241.02883,90.32921
239.19755,89.30042
27.16049,164.81484
39.50617,164.81484
74.07408,124.07408
74.69136,120.37037
84.5679,165.43211
86.41976,163.58026
89.50617,164.81484
125.92592,40.74074
129.62962,41.35802
118.51851,89.50617
114.81481,89.50617
129.62962,108.02469
136.41975,118.51851
136.41974,114.81481
114.81481,127.16048
118.51851,127.16048
122.83951,135.18516
185.18516,56.17284
169.75309,136.41974
172.8395,135.18516
190.8642,163.70372
187.09875,165.1852
172.8395,182.09875
162.34566,194.44444
181.48147,211.11112
187.13989,218.93005
190.94647,219.34157
168.51853,236.54319
170.98767,233.51849
234.89712,65.72016
223.47736,74.07407
220.88477,75.30863
234.38273,74.89713
236.13169,76.66667
240.02059,80.24692
237.86009,81.7284
246.41974,100.98765
246.41974,99.01235
220.18518,164.69136
218.97119,167.73662
231.7078,179.54732
221.25513,196.79012
234.89712,165.72015
231.46092,137.57202
230.55556,132.79836
30.24691,80.24692
20.37037,105.55555
29.62963,96.91358
25.5144,92.18108
19.1358,154.32098
20.37037,151.85185
25.92592,153.70369
20.98765,158.0247
24.07407,159.25928
24.07407,146.29631
20.37037,148.14815
29.62963,191.35801
25.30864,129.62962
25.92593,125.92592
18.51852,130.8642
20.37037,129.01234
24.07407,124.07408
20.98765,125.30864
70.37037,58.64197
29.01234,185.18518
62.96296,80.24692
50.0,94.44445
69.75308,80.24692
74.07408,74.07408
70.98765,68.51851
68.51851,70.98765
56.17284,137.03702
53.7037,148.14815
51.85185,146.29631
48.76543,135.18516
46.91358,137.03701
53.7037,198.14815
59.25926,190.74072
48.76543,185.18516
42.59259,196.29631
42.59259,192.59259
96.29631,159.25928
90.74074,190.74072
87.03704,191.35801
94.44445,196.29631
85.59671,24.4856
89.71194,23.04527
80.24692,30.24691
52.46914,135.18516
57.40741,192.59259
54.32099,185.18518
51.85185,187.03703
63.58025,185.18518
101.85185,87.03704
95.67902,85.80247
96.29631,90.74074
91.97531,87.65433
103.70369,148.14815
101.85185,146.29631
103.70369,140.74072
112.96296,151.85185
109.25926,151.85185
98.76543,135.18516
137.65432,101.23457
135.18517,104.32098
146.91358,101.23457
148.14815,103.70369
104.32098,197.53086
92.5926,192.59259
146.29631,151.85185
148.14815,153.70369
145.67902,159.87655
148.14815,157.40741
89.9177,236.09054
90.12346,239.1358
98.14815,229.62962
90.74074,225.92592
91.15227,229.4856
135.80245,198.14815
137.6543,196.29631
141.35801,195.67902
142.59259,192.59259
158.84774,13.16872
151.23457,15.4321
153.08643,13.58025
151.23457,18.51852
158.64199,20.37037
142.59259,20.37037
140.74073,25.92592
141.35801,29.62963
170.37038,66.66667
174.69137,53.7037
170.98767,51.85185
165.43211,51.85185
163.58025,53.7037
146.91357,79.62963
145.67902,71.60494
151.85185,70.37037
153.70369,67.90123
162.96298,74.69136
196.74896,76.79013
198.66254,84.56789
110.69958,243.47736
105.34979,241.15226
102.88066,240.34977
107.20164,239.30039
102.26338,244.23867
158.64199,112.96296
159.25928,109.25926
153.08643,112.96296
187.09875,98.51851
198.58024,89.62962
185.20575,101.9753
187.0576,103.82715
192.69548,109.67078
196.4609,108.2716
165.43211,185.80245
161.72839,187.6543
153.08643,193.82715
197.67491,146.25515
196.3786,148.47736
197.90122,139.75309
185.20575,163.08643
143.41563,243.47736
145.88477,243.84772
153.08642,220.37038
153.70369,225.92592
163.58026,234.75307
165.43211,237.16048
198.66254,33.53909
187.18105,25.88477
190.98763,25.06173
196.74896,25.88477
192.90122,27.16049
185.26748,29.34156
187.16048,31.97531
185.26748,20.0823
185.26748,129.34155
187.16048,131.9753
185.24689,118.14814
187.16046,120.24691
192.88064,38.1893
198.29218,197.16048
196.3786,198.64197
192.79834,93.82715
185.24689,96.66667
185.26748,135.5144
244.34157,122.34568
246.50208,123.4568
244.11523,119.50617
246.6461,112.71604
185.24689,168.27161
225.5967,147.77779
226.41974,150.0
227.63375,145.80248
228.39506,106.00822
232.36625,109.0535
231.60494,106.3786
214.87653,56.09053
210.94647,55.18518
209.8148,52.59259
241.00824,124.32099
246.95475,131.39919
244.85598,130.65845
242.07821,136.62553
243.00413,132.55145
243.55969,134.89714
246.11112,139.83541
47.3251,55.34979
45.06173,62.34568
40.9465,65.02057
35.59671,74.4856
39.71193,73.04527
24.69136,112.96296
36.41975,169.75309
30.24691,169.75309
25.92593,175.92592
25.30864,179.62962
24.69136,170.37038
24.07407,174.07408
37.03703,196.91359
48.14815,198.14815
46.2963,196.29631
46.2963,159.25928
48.14815,153.70369
42.59259,159.25928
67.90123,85.18519
54.11522,51.64609
51.64609,54.11522
98.14815,45.67901
62.34568,45.06173
55.34979,47.3251
79.42387,34.97942
62.7572,40.53498
66.46091,38.68313
104.32098,51.85185
101.85185,54.32099
85.80247,95.67902
92.5926,92.5926
61.72839,98.14815
58.02469,96.29631
42.59259,201.85185
46.2963,201.85185
48.14815,203.70369
45.67901,209.87655
48.14815,207.40741
80.8642,103.7037
79.01235,107.40741
53.7037,125.92592
53.7037,107.4074
61.72839,101.85185
57.40741,109.25926
59.25926,107.4074
53.7037,157.40741
53.7037,153.7037
58.64197,162.96299
57.40741,159.25928
51.85185,151.85185
86.41976,168.51853
98.14815,170.37038
95.67902,168.51853
75.30864,187.03701
75.92592,125.92592
67.90123,132.09875
69.75308,130.24691
95.67902,114.81481
64.81481,227.1605
62.96296,224.69137
58.64197,212.96299
53.7037,207.40741
53.7037,203.70369
57.40741,209.25928
51.85185,201.85185
92.5926,224.07408
79.01235,220.37036
79.62963,225.30863
71.60494,219.1358
69.75308,180.24691
95.67902,164.81483
92.5926,159.25928
125.10288,15.84362
127.77778,14.19753
119.1358,15.4321
121.60494,14.19753
115.4321,13.58025
124.27984,20.57613
124.07408,42.59259
125.30864,45.67901
104.32098,85.18519
113.58024,86.41976
106.17284,81.48149
141.35801,45.67901
142.59259,42.59259
137.6543,46.2963
137.65432,35.18518
135.18517,37.65432
129.83539,19.95885
130.8642,15.4321
145.06173,47.53086
75.30864,220.98765
70.16461,230.16459
94.85597,239.30039
92.79836,240.63786
142.59259,124.07408
141.9753,120.37037
104.32098,135.18518
101.85185,137.03703
113.58024,136.41975
113.58024,130.24691
101.85185,129.62962
103.70369,125.92592
112.96296,124.69136
108.64197,112.96296
103.08642,112.96296
103.70369,107.4074
107.4074,107.4074
109.25926,101.85185
103.70369,157.40741
103.70369,153.7037
108.64197,162.96299
107.4074,157.40741
101.85185,151.85185
114.19753,154.32098
117.90123,132.09875
119.75308,130.24691
119.13579,120.37036
120.98765,124.07407
137.03703,225.30863
140.74074,225.92592
142.59259,224.07408
125.92592,225.92592
129.62962,225.30863
114.81481,227.1605
112.96296,224.69137
113.37448,230.10286
107.81893,229.4856
169.13582,15.4321
171.60496,14.19753
153.70369,36.41975
159.25928,40.74074
157.40741,42.59259
158.0247,46.2963
164.81483,20.98765
162.34568,18.51852
168.51853,53.7037
180.24691,53.08642
174.07408,57.40741
153.70369,90.74074
151.85185,87.03704
164.81483,70.98765
162.96297,67.90123
187.0576,58.76543
168.51853,30.24691
174.07408,24.07407
174.27985,20.57613
181.7078,18.1893
179.85596,20.04115
175.10288,15.84362
153.70369,98.14815
154.32098,85.18519
157.40741,90.74074
159.25928,92.5926
172.8395,81.48149
175.30863,79.62963
169.75309,80.24692
174.07408,74.07408
170.37038,74.69136
175.92592,75.92592
120.16461,230.16459
155.96708,241.15224
154.11521,236.89299
162.96297,239.99998
153.29218,240.02055
144.85596,239.30039
142.79834,240.63786
175.92592,125.92592
179.65019,125.39094
174.69137,120.37037
174.07408,124.07408
151.85185,129.62962
153.70369,125.92592
162.34568,114.81481
164.81483,112.34567
157.40741,107.4074
159.25928,159.25928
162.96298,158.64199
179.65019,173.58024
181.50203,169.87655
164.81482,182.09875
181.50203,129.09464
185.84361,231.64608
187.75718,228.18929
197.28394,222.46912
174.69137,229.01233
168.51853,180.24691
190.78188,157.65432
192.69548,159.87655
216.1934,42.79836
214.11521,40.37037
202.26337,42.79836
204.32096,44.5679
202.42798,37.73663
214.77364,50.0
212.18105,50.0
208.41561,43.6214
201.7901,87.90122
203.64195,89.75308
202.28394,97.40741
204.32096,94.81482
227.65432,62.38683
219.11523,59.62963
223.02468,52.83951
223.14813,55.55555
227.55143,56.70781
229.42387,58.55967
225.63786,57.44856
224.77364,75.80246
224.44444,66.13168
233.37449,70.04115
230.55556,67.20164
232.1605,64.19753
239.56791,76.41976
237.59261,74.56791
178.39506,230.86418
181.50203,229.09465
198.58024,216.74896
187.0576,203.82715
192.69548,198.76542
231.50208,128.39506
232.28396,123.62141
230.76133,125.30864
204.40328,100.20576
202.26337,110.08231
204.27983,112.79836
202.28394,103.82716
246.11112,106.17283
242.28396,104.52674
244.93827,110.08231
228.39506,93.99178
226.09054,92.18107
231.60494,93.6214
232.36625,90.9465
229.2181,80.8642
231.50208,171.60494
233.37449,170.04114
230.76133,174.69135
232.28396,176.37858
202.42798,188.64199
214.77364,200.0
216.29628,197.40741
219.50616,198.51851
220.18518,159.25926
222.16048,158.64197
210.94647,205.10286
208.41561,207.20164
212.18105,200.0
214.83537,205.14402
209.8148,202.55143
203.10697,216.54319
225.53497,185.10288
224.54732,187.90125
242.55145,93.45679
240.7819,92.6749
243.95062,96.214
242.28396,95.47326
233.6214,95.67902
233.6214,104.32098
232.32509,102.09877
225.53497,85.10288
228.49795,176.09054
230.37038,129.9177
18.51852,135.80245
25.92593,140.74072
24.07407,142.59259
19.1358,161.7284
20.98765,164.81483
25.92593,157.40741
92.5926,59.25926
96.29631,58.02469
86.41976,53.7037
77.16049,68.51851
36.83127,83.12757
64.81481,72.83951
48.14815,120.37037
45.67901,118.51851
46.91358,129.62962
53.08642,120.37037
48.76543,181.48147
53.7037,175.92592
57.40741,174.07408
58.64197,170.37038
63.58025,180.24691
59.25926,175.92592
64.81481,170.98767
62.34568,168.51853
75.30864,137.03701
74.07408,142.59259
75.92592,140.74072
79.62963,148.14815
79.62963,151.85185
53.08642,218.51853
59.25926,224.07408
69.1358,212.96297
80.65844,234.79423
78.1893,236.39917
83.95062,236.35801
84.5679,239.38271
87.65433,240.74074
108.64197,20.37037
103.08642,20.37037
97.94239,20.16461
92.18108,25.5144
114.81481,20.98765
112.34567,18.51852
114.81481,42.59259
112.96296,40.74074
108.02469,46.2963
121.60494,47.53086
129.01234,46.2963
107.4074,125.92592
104.32098,131.48147
98.76543,131.48147
96.91358,129.62962
120.37037,98.14815
118.51851,86.41976
124.07408,96.29631
124.07408,92.5926
131.48147,104.32098
96.29631,174.07408
101.23457,168.51853
125.30863,137.03701
96.29631,225.92592
130.8642,198.14815
118.51851,195.67902
121.60494,197.53086
123.66255,245.3292
127.16048,244.44444
114.40329,244.52673
116.87243,243.29218
131.06996,245.3292
133.33333,237.90122
139.50616,240.67902
134.56789,10.49383
148.14815,15.4321
146.29631,13.58025
142.59259,24.07407
148.14815,129.62962
145.67902,118.51851
154.32098,131.48147
153.08643,120.37037
157.40741,125.92592
168.51853,37.03704
164.81483,37.03704
165.43211,48.14815
168.51853,46.2963
170.98767,48.14815
179.62962,100.0
175.92592,101.85185
174.07408,109.25926
179.01233,85.18519
179.01233,81.48149
174.07408,92.5926
181.50203,96.41976
175.92592,107.4074
180.24691,112.96296
168.51853,147.53086
170.37038,143.82715
174.07408,144.44444
179.65019,146.3786
170.37038,153.08643
181.48147,162.96297
169.1358,215.43211
172.83952,213.58026
204.42385,34.60905
190.78188,107.57201
204.42385,118.31276
202.53084,121.44033
202.55141,130.57613
204.50614,123.78601
210.39093,177.28396
208.41561,180.12345
210.3292,182.34568
243.14817,111.19342
231.7078,120.45268
233.6214,118.60082
233.20986,115.34979
214.34155,176.91359
216.06995,173.99178
227.55143,143.2922
239.54734,163.49792
238.78603,165.88477
220.18518,64.69136
224.77364,71.1111
244.30044,89.42387
241.48149,85.67902
239.46503,86.41976
228.41563,83.95062
230.49382,85.88478
24.07407,101.85185
23.86831,96.09055
25.92593,98.14815
25.92593,103.70369
76.95473,49.17696
46.2963,192.59259
84.36214,28.80658
68.51851,139.50616
101.85185,45.67901
98.14815,196.29631
142.59259,151.85185
86.83128,234.67078
146.29631,24.07407
170.37038,57.40741
114.81481,195.67902
111.72839,197.53086
148.14815,75.92592
196.7078,70.98766
192.79834,66.04938
198.66254,73.4568
153.70369,107.4074
192.63373,103.90945
190.78188,102.09875
146.29631,191.9753
192.63373,153.90946
190.98763,30.61728
190.98763,36.17284
196.7078,36.83127
196.7078,87.65432
41.35802,69.1358
31.48148,93.82717
29.42387,91.15226
29.62963,175.30863
24.69136,120.37037
20.98765,114.81481
48.14815,112.96296
45.67901,114.81481
48.14815,107.4074
31.48148,193.82717
35.18518,193.82717
59.46502,47.11934
89.50617,51.85185
64.81481,87.03704
62.96296,90.74074
77.16049,118.51851
77.16049,114.81481
101.85185,109.25926
98.14815,107.4074
64.81481,212.34568
87.03704,225.30863
81.48149,154.32098
85.18519,160.49384
81.48149,160.49384
112.55143,15.02058
106.17283,18.51852
110.49383,81.48149
110.49383,85.18519
108.02469,87.03704
137.65432,31.48148
79.42387,231.39917
110.49383,135.18518
108.02469,137.03703
108.02469,129.62962
114.81481,112.34567
112.34567,114.81481
114.19753,161.72841
112.96296,148.14815
139.50616,118.51851
139.50616,114.81481
141.9753,112.96296
135.18518,229.01233
131.48148,229.01233
110.08231,231.19342
104.11522,231.33744
159.25928,31.48148
157.40741,35.18519
181.48147,56.17284
185.28805,23.25103
181.50203,29.09465
198.58022,38.84774
159.25928,96.29631
129.42386,231.39917
185.28805,123.25102
187.18105,125.88477
158.0247,129.62962
157.40741,153.70369
153.70369,151.85185
151.85185,153.70369
164.81483,145.67902
162.96297,148.14815
179.65019,225.39095
205.24691,48.72428
202.28394,47.28395
219.50616,48.51852
220.16459,51.27572
176.54321,233.51851
236.74898,166.87242
219.40328,193.45679
223.47736,153.58024
225.5967,152.22221
210.90533,210.53497
224.87655,180.32922
228.41563,183.95062
221.17283,191.76955
221.27572,188.8889
224.87655,80.32921
223.41563,78.64197
238.66256,161.64608
227.65432,137.61317
19.1358,145.06173
37.65432,185.18518
40.74074,198.14815
22.83951,131.48147
71.60494,32.71605
68.51851,62.34568
91.97531,53.7037
87.03704,57.40741
81.48149,59.25926
53.49795,57.81893
47.11934,59.46502
64.81481,77.16049
70.98765,64.81481
85.18519,59.25926
48.14815,125.92592
46.2963,124.07408
58.02469,103.70369
54.32099,98.14815
51.85185,159.25928
48.14815,157.40741
56.17284,168.51853
58.02469,179.62962
79.01235,135.18517
74.07408,146.29631
58.64197,220.37038
56.17284,218.51853
81.48149,187.65432
79.01235,185.18518
72.22222,216.04938
70.37037,124.69136
96.09055,23.86831
104.32098,48.14815
108.02469,53.7037
118.51851,40.74074
120.37037,42.59259
131.48147,37.65432
64.81481,177.1605
62.96296,174.69137
68.51851,177.1605
72.83951,181.48147
68.51851,227.1605
96.29631,109.25926
107.4074,103.70369
125.92592,98.14815
125.92592,103.70369
98.14815,157.40741
101.85185,159.25928
131.48147,143.82715
107.4074,153.70369
96.70782,241.15224
115.4321,240.74074
140.3292,13.16872
142.59259,14.81481
140.74074,18.51852
126.33744,18.93004
156.17284,118.51851
156.17284,114.81481
162.34568,118.51851
159.25928,37.03704
146.29631,41.97531
148.14815,39.50617
151.85185,39.50617
153.70369,41.97531
170.37038,24.69136
168.51853,27.16049
162.96299,24.69136
164.81484,40.74074
190.8642,63.7037
118.51851,227.1605
151.85185,124.07408
148.14815,125.92592
146.29631,124.07408
162.96299,108.64197
185.28805,91.35803
187.16048,93.33333
181.50203,87.1605
181.48147,109.25926
175.30863,87.03704
151.85185,159.25928
181.50203,137.11932
168.51853,156.17284
187.0576,159.38273
174.07408,151.85185
146.2963,224.07408
162.34568,218.51853
148.76542,239.87653
146.7078,241.15224
150.82304,241.44031
190.78188,202.09875
176.33746,18.93004
177.1605,118.51851
174.69137,112.96296
177.1605,114.81481
204.32096,107.03704
210.22632,40.98766
210.18518,36.00823
208.31274,33.74486
201.85183,84.5679
202.26337,93.20988
202.572,126.95473
243.47738,113.82716
204.32096,207.03703
202.26337,210.0823
216.29628,202.59259
229.40328,101.9753
227.48971,96.17285
218.97119,67.73662
244.60907,128.0247
229.89712,88.84774
241.79014,82.71605
20.98765,168.51853
24.69136,162.96299
27.16049,168.51853
39.50617,168.51853
41.97531,162.96299
91.97531,170.37038
89.50617,168.51853
91.97531,162.96299
120.37037,91.97531
122.83951,131.48147
177.1605,51.85185
168.51853,70.98765
168.51853,77.16049
172.8395,85.18519
172.8395,131.48147
175.30863,129.62962
168.51853,139.50616
225.55554,60.28806
222.81893,63.99177
235.94649,80.00001
214.03292,171.39919
215.69958,168.35392
234.38273,174.89709
34.36214,78.80658
159.25926,239.44442
202.42796,115.88478
242.55145,106.54321
23.45679,149.38272
50.0,190.74072
155.34979,16.66667
150.20576,79.62963
192.72976,97.11933
190.78188,152.64746
228.14128,50.06859
35.18518,189.91768
33.33333,188.68313
41.97531,206.17283
83.33333,223.86833
107.27023,15.50069
111.1111,107.81892
105.55555,141.9753
146.09054,112.96296
141.9753,156.17283
139.50616,156.79012
156.79013,29.01234
182.7229,61.35802
180.24691,60.0823
181.5226,24.85596
198.49107,42.27709
155.55556,158.64199
173.45679,171.60494
171.60494,173.45679
29.28669,88.95748
29.08093,86.69411
24.07407,107.4074
38.88889,192.18107
21.19342,136.62549
16.25514,139.30039
56.24142,51.50892
58.23045,51.44033
72.3594,35.32236
73.25103,38.06584
93.41564,51.85185
29.42387,179.42385
58.64198,85.18519
58.02469,83.33333
87.65433,65.4321
33.33333,180.45266
35.39094,181.2757
60.0823,218.51853
51.02881,222.83952
66.66667,126.13167
87.10563,29.69821
67.83265,231.04252
130.8642,100.0
134.97941,97.94239
108.02469,150.0
119.34155,157.81893
127.77777,142.18107
110.90534,200.20577
107.81893,202.67491
133.53908,240.45268
135.66528,17.14678
120.43895,20.64472
149.17696,18.51852
148.14815,17.48971
148.14815,11.52263
150.0,9.67078
131.61865,10.42524
152.26338,117.90123
170.37038,32.92181
151.44033,46.91358
187.07133,60.90535
187.08504,63.04527
157.81893,122.22222
140.12345,128.39505
181.5226,90.98766
184.57475,108.6694
185.81618,106.24141
177.78463,92.01647
158.0247,150.0
178.40192,141.38546
158.43622,221.60494
177.78463,24.51303
170.43899,20.64472
185.21261,114.92455
206.24141,38.53224
196.74896,29.58848
204.48558,31.04252
196.74896,80.49383
198.68311,80.98765
190.09601,224.99312
75.5144,122.22222
116.66667,90.53497
116.66667,126.13167
179.01919,167.73663
188.99176,165.43211
188.97119,163.45681
169.34157,181.89299
180.86418,209.25928
183.33331,208.64199
189.05347,220.41152
228.86831,66.59807
21.60494,108.02469
22.22222,153.08643
24.4856,127.77777
60.49383,79.83539
60.49383,81.68725
52.46914,93.20988
53.29218,95.67902
69.1358,72.42798
70.57613,70.57613
53.90946,140.12343
45.67901,145.67902
48.14815,147.53086
51.23457,197.53086
53.08642,195.67902
57.61317,188.88885
41.35802,194.44446
96.91358,160.49385
96.70782,162.3457
88.8889,192.18107
87.86009,24.89712
76.74897,28.60082
78.60082,26.74897
55.34979,135.18517
53.90946,132.71604
54.93827,191.35801
98.55967,86.00823
97.3251,88.47737
103.08642,144.44445
135.80245,105.76131
137.24278,103.70369
150.0,101.85185
135.80245,146.50205
137.6543,147.73662
138.47736,152.26337
146.91357,155.55555
92.11249,227.72976
158.71055,12.00274
142.18107,27.77778
173.25104,51.85185
162.34568,51.85185
155.55555,69.1358
153.70369,70.16461
194.82168,77.57202
157.81893,111.1111
194.55418,107.91495
194.59534,109.93141
197.01646,141.15226
185.21261,164.97943
183.34017,164.23869
154.11521,222.83952
152.26337,222.83952
166.87244,235.679
200.60354,32.07133
189.08091,26.48834
187.16734,29.94513
189.71877,21.63237
185.90531,170.78188
228.88202,139.50618
230.13031,138.53225
215.34292,54.73251
211.89984,51.97531
47.18793,61.38546
37.44856,72.63374
37.86008,74.89712
26.33745,177.77777
25.5144,172.22223
44.44444,191.35801
47.53086,194.44446
23.66255,172.22223
85.80247,67.28395
53.56653,55.8299
53.77229,53.77229
64.81481,46.09053
76.81756,34.22497
78.53224,32.23594
68.86145,39.23182
67.21536,41.28943
102.05761,52.05761
40.74074,200.0
46.09054,207.61316
79.42387,109.67079
56.3786,116.04938
55.14403,118.51851
51.85185,105.55555
57.61317,105.55555
59.0535,101.85185
60.28807,100.0
52.46914,155.55556
56.79012,162.96299
94.03293,170.37038
96.09055,112.96296
61.11111,225.5144
52.46914,205.55554
54.32099,205.55554
78.39506,225.10288
68.31275,219.95886
68.93003,182.30452
119.54732,13.99177
124.75995,21.67353
103.90945,87.03704
137.03701,39.3004
132.16734,18.99863
148.3539,46.70782
69.47874,232.19478
138.27161,126.5432
103.90946,137.03703
110.69958,112.96296
102.46914,105.55555
102.46914,155.55556
107.81892,161.11113
106.79011,162.96299
103.70369,151.85186
120.57613,126.33744
169.54734,13.99177
158.84776,44.44444
158.64199,27.16049
163.8546,16.73525
164.60907,18.72428
176.54321,57.20164
162.96297,70.37037
171.60496,29.83539
175.37724,22.29081
172.22223,25.5144
152.88066,83.33333
158.0247,94.44445
172.22223,73.66255
172.22223,69.1358
170.37038,69.95884
177.78463,124.51303
177.78463,126.36488
175.5144,122.22222
162.96299,110.69958
162.75722,112.7572
161.11112,157.81893
180.25376,131.92043
195.16459,221.39917
196.87242,219.03977
190.80933,159.67078
203.27159,87.73661
201.59806,95.5144
198.53908,214.86969
204.4307,97.96982
204.2181,110.83677
202.22906,101.3443
230.52812,90.4664
218.23045,200.98765
210.61727,208.46364
210.63098,206.65293
202.83262,214.4856
223.34705,184.2524
224.70508,182.89439
224.70508,82.89437
219.71193,162.13991
25.30864,139.50615
94.44445,57.61317
42.66118,74.14266
54.93827,130.24691
53.08642,171.60494
64.40329,182.30452
57.40741,175.92592
60.69958,170.37038
74.4856,138.88887
70.98765,140.94649
75.92592,142.59259
78.39506,152.46914
52.88066,224.69137
54.93827,226.54321
97.25652,19.47874
90.94651,27.98354
90.05488,25.24005
113.16872,47.53086
102.88066,133.33332
102.05761,131.48147
125.92592,92.5926
129.2181,94.03293
129.62962,105.96707
103.49793,169.13582
124.4856,138.88887
128.1893,196.91357
130.65843,196.29631
133.47052,244.76678
136.00822,240.32922
146.29631,17.48971
147.11934,116.66667
155.96708,129.62962
158.84776,127.77777
163.58026,38.88889
169.54734,50.0
176.74896,81.48149
177.98352,83.33333
183.36076,97.69548
179.01233,101.85185
177.77777,108.64197
174.27983,137.6543
175.51438,135.80245
168.51853,141.9753
168.51853,144.65021
169.75309,151.02881
167.90125,152.26338
182.10561,166.50205
152.26338,217.90125
150.61727,225.30863
202.46912,35.96708
188.93003,109.42387
202.50342,119.54732
231.1934,113.4705
214.1495,173.27846
25.85734,96.22772
24.07407,103.70369
19.1358,150.0
18.10699,121.39918
79.35529,51.5775
78.1893,64.19753
46.91358,143.20988
80.04115,102.46914
46.50205,188.88885
52.05761,185.18518
82.03018,28.32647
83.81345,26.40603
58.02469,193.82715
146.09054,75.10288
102.05761,135.18518
137.2428,99.79424
91.97531,193.82715
144.44446,153.08643
160.69961,20.37037
160.21948,14.95199
151.6461,11.52263
152.46914,71.60494
147.94238,73.25103
192.83262,68.10699
194.7805,70.53498
194.80109,72.51029
155.55555,108.64197
153.49795,111.1111
192.64058,102.12619
149.38272,190.94649
153.49795,190.3292
151.6461,191.56378
196.96159,149.57475
192.65432,150.87791
 79%|███████▉  | 2634/3317 [00:00<00:00, 26333.12it/s]193.31962,147.96981
194.82168,25.58299
191.62549,23.29218
192.90122,34.5679
198.64197,35.30864
196.72839,35.06173
190.98763,34.32098
185.66528,228.66939
186.74209,225.77502
197.73661,138.47738
39.369,70.85047
41.63237,71.262
42.86694,62.20851
43.6214,69.54733
43.41563,67.48972
35.66529,86.48834
29.56104,93.1413
31.48148,176.74896
37.65432,174.27985
35.80246,175.5144
23.25103,114.81481
22.01646,116.66667
23.25103,118.51851
47.11934,116.66667
47.94239,114.81481
37.03703,193.20988
33.33333,194.65021
31.27572,185.39093
30.45267,183.33331
61.38546,47.18793
64.8834,40.80933
61.45405,42.72977
63.51166,42.93553
62.96296,93.20988
45.26749,212.13993
43.20987,210.49382
82.51029,103.7037
81.06996,106.17284
79.42387,113.99177
76.13168,116.66667
103.49793,111.1111
64.60905,214.60907
66.87243,213.99178
62.7572,212.75722
86.41976,226.33744
110.21947,14.95199
111.38546,16.73525
113.85459,16.73525
114.8834,15.08916
106.37859,17.28395
103.49795,83.33333
109.46503,83.33333
139.91768,31.48148
138.68313,33.33333
106.58436,85.18519
106.58436,135.18518
108.64198,135.18518
105.96707,129.62962
111.52262,131.06995
112.96296,106.37859
114.81481,110.0823
112.96296,110.69958
112.7572,112.7572
107.81892,111.1111
117.48971,152.26337
116.87243,154.7325
116.87243,160.90535
113.78601,159.05351
110.49383,141.9753
108.84774,138.88889
144.03292,120.37037
138.27161,119.75308
143.41563,114.81481
141.35801,114.81481
131.48149,226.74896
133.33333,227.98352
109.67079,229.4856
148.14815,193.41563
143.82717,158.02468
155.55554,36.83127
179.01233,56.79012
180.86418,58.02469
185.19889,60.16461
155.76131,85.80247
186.54319,22.09877
181.51575,26.88614
183.38818,28.20302
183.4019,22.29081
160.49385,96.91358
124.62277,227.75033
126.47462,227.75033
129.56104,229.39642
183.38818,128.203
155.55554,96.91358
151.85185,155.55554
155.55554,151.85185
155.55554,153.70369
163.78603,183.74483
159.46503,186.62549
185.25376,133.60767
161.11112,146.91357
162.96297,146.09054
160.49385,152.46914
156.99587,192.38682
183.55965,231.35801
183.58022,228.97119
182.77089,224.49931
185.91219,223.68998
162.75722,185.59668
174.27983,179.2181
206.99587,51.05624
203.9506,46.85871
217.92179,42.66118
174.27985,233.58024
208.47734,209.12209
208.84086,211.30316
27.36625,90.53498
31.3443,89.78053
22.63374,112.96296
20.57613,111.72839
26.54321,105.55555
23.45679,144.44446
14.19753,144.44444
15.63786,136.83126
20.78189,155.96708
37.03703,189.30039
37.24279,187.24278
38.88889,196.50205
38.47737,202.26337
18.51852,132.51027
68.10699,36.62551
69.82168,34.63648
60.35665,44.92456
58.02469,45.67902
58.77914,49.31413
53.155,49.65706
79.01235,58.64198
80.8642,56.79013
26.74897,181.48147
27.77778,174.4856
49.65706,53.155
51.50892,56.24142
45.67902,58.02469
44.92456,60.35665
49.31413,58.77914
56.79013,87.03704
63.58025,75.92592
65.4321,74.69136
73.25103,64.81481
80.8642,60.49383
83.33333,58.02469
50.0,109.25926
55.3498,113.58024
55.76132,120.37037
54.11523,122.83951
46.50205,127.77777
60.28807,96.29631
59.0535,98.14815
36.21399,183.33331
35.39095,185.39093
46.91358,155.55554
53.49795,161.11115
55.34979,166.66669
50.20576,179.62962
61.7284,186.41974
61.52263,181.06995
79.62963,155.96708
77.16049,148.14815
77.16049,146.29631
51.85185,203.70369
47.94239,209.46503
47.73663,211.52264
57.81893,222.22223
65.22634,219.75309
60.69958,220.37038
60.69958,212.96299
55.34979,216.66669
84.5679,189.09465
83.95062,192.38682
80.8642,193.41563
77.36626,187.03701
80.8642,189.09465
69.34156,215.22634
70.16461,217.28396
64.19753,128.1893
77.36626,137.03701
76.74897,135.18516
80.04116,132.09875
67.28395,139.71192
86.07682,26.81756
99.31413,24.00549
99.72565,20.30178
103.49793,22.83951
101.64609,22.83951
108.84774,44.44444
102.05761,47.94239
111.1111,41.97531
116.66667,22.01646
103.90945,46.09054
133.33331,38.68312
131.48147,39.91769
55.96708,179.62962
69.1358,176.33746
66.66667,176.13169
76.74897,185.18516
73.86832,183.33331
71.60494,179.83537
98.14815,56.58436
70.98765,225.72017
63.58025,223.66256
64.19753,228.18931
66.66667,226.13169
70.30179,228.36764
97.11934,117.28395
100.0,109.25926
100.20576,129.62962
111.1111,125.5144
105.55555,102.46914
108.64197,105.55555
133.33331,102.88066
131.48147,102.05761
126.54321,100.61729
127.77777,96.91358
100.0,159.25928
103.49793,161.11115
109.67078,163.58028
105.55555,146.29631
105.55555,148.14815
111.1111,146.91357
114.19753,150.0
106.24142,231.24143
113.99176,200.82304
102.26338,200.82304
104.73251,200.20577
119.34156,200.82304
122.42799,200.20577
128.6694,245.85046
140.60356,14.8834
140.74074,20.37037
137.51714,17.14677
138.61453,14.95199
144.44446,23.45679
153.49795,10.90535
146.29631,10.90535
131.89301,13.78601
125.85734,12.48285
128.12071,12.27709
160.08232,118.51851
161.31687,116.66667
156.79012,112.96296
158.0247,38.88889
148.14815,41.35802
155.55555,41.15226
135.18516,39.91769
166.66669,22.01646
164.81484,23.25103
166.66669,26.13169
162.34568,48.14815
166.66669,35.80247
185.85732,66.99588
188.97119,63.45679
190.89162,65.72016
163.37449,119.1358
160.49385,124.69136
150.0,130.8642
146.91357,127.77777
180.26746,94.56791
188.41561,92.83951
183.34017,101.89301
183.34017,103.74485
179.83537,111.1111
174.69137,95.67902
179.64333,88.9712
179.4307,87.0782
150.0,152.46912
150.0,159.25928
163.58026,159.6708
166.66669,155.3498
176.54321,146.29631
174.69137,148.14815
172.22223,153.49795
178.40192,146.94102
179.64333,138.94375
180.25376,134.59532
163.37449,219.13582
160.69961,220.37038
146.29628,226.54321
174.27985,210.90538
174.69137,29.01234
177.78463,29.4513
168.51853,23.25103
176.13169,116.66667
178.40192,120.19204
175.30863,104.32098
178.39506,103.70369
202.28394,106.00823
214.64335,39.54733
211.48149,35.7476
208.26473,35.51441
201.91355,28.05212
207.68174,184.36214
205.71328,185.5144
197.11934,195.679
202.56514,125.14403
204.44442,211.05623
200.7476,217.39368
202.55141,212.33195
202.22906,99.20439
22.01646,166.66669
23.25103,168.51853
25.5144,161.11113
26.13169,166.66669
28.39506,170.16463
40.53498,166.66669
38.2716,170.16462
72.22222,125.5144
83.33333,159.46503
91.15226,161.11113
93.41564,164.81484
90.53497,166.66669
73.25103,217.90122
129.62962,39.30041
140.53497,116.66667
118.93003,122.8395
113.58024,123.66255
126.33744,136.41972
123.66256,130.86418
123.86832,133.33331
121.60494,129.83538
183.33331,55.34979
170.57615,46.2963
178.39506,53.49795
168.51853,68.10699
166.66669,69.54732
167.28398,76.95473
170.16463,78.39506
173.86831,83.33333
171.81069,85.80247
174.4856,127.77778
173.86831,133.33331
164.19755,144.23869
170.37038,140.74072
164.81482,147.94238
166.66669,147.73663
167.28398,139.71193
170.16462,138.27159
188.90944,157.53086
188.93003,159.50618
169.34157,218.10701
187.04388,206.21399
185.19204,206.21399
191.1591,222.04388
193.0521,220.35665
198.80658,219.36898
191.57062,218.13444
240.60358,78.51852
34.70507,73.59396
32.03018,78.32648
33.81344,76.40604
25.72016,94.2387
23.25103,164.81484
19.54733,159.05351
31.48148,189.91768
29.62963,189.30039
51.44033,97.53086
54.32099,91.35803
45.67901,194.44446
44.44444,197.53088
94.44445,158.0247
86.41976,190.3292
95.95337,21.87929
94.2387,25.72016
94.03294,23.66255
81.00137,32.85322
74.21125,33.47051
106.58436,51.85185
110.49383,102.46913
141.56378,104.7325
139.30039,103.29218
87.92867,236.17969
88.8889,224.4856
160.08232,18.51852
139.3004,29.62963
164.81484,73.25103
164.81484,110.0823
160.08232,114.81481
160.69961,112.96296
161.11115,107.81892
137.03704,227.36625
161.52264,234.89709
165.02059,239.23867
185.28119,27.13306
185.28119,127.13305
229.47874,141.65982
208.51851,52.34568
36.07682,76.81756
34.84224,81.75583
36.48834,79.69822
44.44444,158.0247
55.82991,53.56653
51.44033,58.23045
91.76955,171.60494
73.04527,220.7819
122.22222,41.35802
144.44446,41.15226
144.44446,123.45679
105.55555,126.54321
108.84774,127.77777
105.55555,152.46914
105.55555,154.32098
158.0247,89.50617
168.51853,73.25103
166.66669,72.01646
176.33744,130.24691
176.95473,229.2181
181.51575,226.88615
204.40328,105.06173
204.3347,114.66393
206.44716,206.18656
61.11111,174.27983
60.0823,168.51853
64.81481,173.25104
62.96296,172.63375
73.45679,144.44446
110.0823,18.51852
122.2908,244.51302
212.35938,176.21399
143.20988,103.08642
145.06173,102.46914
137.86009,154.7325
152.05762,81.48149
190.96704,71.72839
190.98763,32.46913
45.47325,66.04939
45.26749,64.19753
18.93004,118.93004
19.54733,116.66667
33.33333,186.21399
71.46776,39.98628
42.38683,203.90946
43.82716,208.02468
109.25926,140.74073
147.94238,114.81481
142.38683,153.90946
164.88342,15.08916
161.38548,16.73525
157.40741,237.83948
30.79561,82.64747
31.13854,85.04801
37.03703,198.55967
97.94239,47.94239
97.11934,50.0
31.27572,181.2757
33.33333,177.98352
27.98354,183.33331
52.05761,101.85185
52.88066,100.0
51.44033,212.96299
63.78601,216.66669
108.64198,51.85185
118.93004,47.94239
52.88066,183.33333
159.25928,67.28395
161.11112,67.48972
106.79012,112.96296
97.94239,114.81481
131.27572,97.94239
133.12756,12.13992
116.66667,19.54733
118.58711,18.79287
151.44033,112.96296
185.21261,64.77366
157.40741,124.07408
162.96298,156.79012
148.14814,224.69137
166.66669,19.54733
168.58712,18.79287
220.87791,47.90123
206.85868,212.2771
41.35802,164.81484
91.35802,164.81484
171.19342,180.04114
159.87654,190.3292
170.57615,235.26748
32.64746,80.79561
18.72428,152.05762
24.07407,157.40741
18.72428,147.73661
72.01646,66.66667
68.72427,68.72427
52.88066,137.03703
48.55967,137.03701
91.90674,23.3882
82.64747,30.79561
135.39093,101.85185
146.50205,103.49793
146.09054,157.61317
147.94238,159.46503
92.5926,225.92592
138.06582,197.53086
142.59259,25.92592
172.01648,50.0
192.90122,25.30864
185.25376,31.55007
183.36761,30.58985
185.25376,131.55005
183.36761,130.58983
187.17417,122.15363
39.78052,68.17558
51.92044,51.92044
100.0,47.11934
97.94239,168.51853
97.11934,166.66669
135.39093,35.39094
136.21399,33.33333
142.59259,225.92592
152.05762,131.48147
164.60907,114.60905
163.78601,116.66667
181.0768,231.09739
179.42387,232.572
204.4307,102.78464
47.94239,118.51851
83.33333,237.90122
84.70508,234.78737
114.60905,18.72428
118.93004,197.73663
116.66667,197.11934
126.20027,245.85048
181.28255,85.22634
166.66669,145.2675
172.01648,215.22636
203.86829,127.81893
114.40329,197.73663
198.61452,37.07819
31.41289,91.90673
91.35802,51.85185
220.07544,190.21948
120.37037,40.74074
25.10288,150.41152
178.80658,207.61318
222.93781,47.71833
173.25102,175.72015
39.50617,190.60356
76.88614,62.7572
42.31824,217.48973
107.4074,147.53086
106.65295,200.34294
108.71056,200.34294
168.51853,32.16735
153.56653,44.44444
150.13717,120.16461
187.25421,107.04617
179.83539,104.93826
164.60907,123.04527
57.06447,138.68311
155.00686,186.28255
194.77596,147.21077
196.68038,143.30591
197.70233,134.43073
62.7572,226.88615
136.62549,37.37996
130.47555,17.23823
75.30864,222.77091
137.86007,107.47599
161.11112,69.20439
163.9918,141.90672
162.75722,152.05762
187.79832,221.76953
26.40604,159.87657
39.25468,80.20119
53.2236,221.19344
57.33882,224.27985
140.32922,126.33744
139.91769,124.27984
158.36764,223.86831
189.53359,107.51714
23.45679,105.55555
50.0,147.94239
46.50205,140.94649
143.96434,74.00549
135.32235,100.5487
79.56105,111.86557
109.80795,133.19615
158.23046,29.21811
159.6708,28.80658
43.75857,202.53772
66.04938,37.03704
73.59396,140.12343
63.3059,221.87929
81.68725,191.08368
96.61637,25.21719
105.8299,45.61042
65.22634,217.69548
124.89713,99.58848
147.8052,48.07956
149.9314,47.8738
151.71467,43.82716
165.63788,161.86558
175.5144,150.0
200.40464,26.93644
229.369,111.60951
177.91724,86.43347
181.69637,135.01599
176.95473,209.46505
166.46092,217.96983
112.13991,104.32097
190.07542,93.95061
162.55147,40.12345
175.72015,173.25102
225.85504,51.20256
17.28395,143.41563
80.42981,48.94833
87.2428,63.16872
127.75491,10.33379
157.40741,152.46914
224.11751,49.32327
158.29903,188.61452
168.03843,234.75993
94.44445,226.54321
142.38684,126.74896
179.43298,169.94513
216.20485,40.7819
59.87655,173.52539
51.37174,219.34157
110.01371,198.62826
173.11385,87.2428
117.0096,156.65293
141.49519,122.90809
156.95015,189.9634
181.00136,207.47599
198.66484,136.15455
162.07135,123.31961